Test Function,Model,Number of Samples,Coefficient of Determination,MAPE,Max Residual Error
0,BasicGPRegression,5,0.9864897131919861,0.06466065,290.6546
0,BasicGPRegression,10,0.9717862010002136,0.09540811,364.95886
0,BasicGPRegression,15,0.9548874497413635,0.12512088,419.0194
0,BasicGPRegression,20,0.8894489407539368,0.26169622,547.91174
0,BasicGPRegression,25,0.9213781356811523,0.17364159,484.3652
0,BasicGPRegression,30,0.8819311857223511,0.2480793,550.3971
0,BasicGPRegression,35,0.8776990175247192,0.24057882,548.5014
0,BasicGPRegression,40,0.8423168659210205,0.2978077,590.63983
0,BasicGPRegression,45,0.8410593867301941,0.28633335,585.7549
0,BasicGPRegression,50,0.8132595419883728,0.32416284,612.0582
0,BasicGPRegression,55,0.7963747382164001,0.3454592,625.63184
0,BasicGPRegression,60,0.7761991024017334,0.36924857,640.6052
0,BasicGPRegression,65,0.7592921853065491,0.38793346,651.95874
0,BasicGPRegression,70,0.743842363357544,0.40396282,661.4807
0,BasicGPRegression,75,0.71947181224823,0.43911093,679.2698
0,BasicGPRegression,80,0.7065192461013794,0.44513586,684.11896
0,BasicGPRegression,85,0.6923989057540894,0.4586083,691.4181
0,BasicGPRegression,90,0.6815693378448486,0.46804774,696.4826
0,BasicGPRegression,95,0.6688194870948792,0.48027983,702.75183
0,BasicGPRegression,100,0.6540378332138062,0.494799,710.0462
0,BasicGPRegression,105,0.648124098777771,0.4979505,711.76996
0,BasicGPRegression,110,0.6268410682678223,0.51819175,721.87195
0,BasicGPRegression,115,0.6145362854003906,0.5332018,728.43567
0,BasicGPRegression,120,0.5988272428512573,0.54748446,735.2173
0,BasicGPRegression,125,0.5902318954467773,0.5564019,739.0658
0,BasicGPRegression,130,0.5794331431388855,0.5657377,743.34827
0,BasicGPRegression,135,0.5720053911209106,0.56505513,743.34515
0,BasicGPRegression,140,0.5554955005645752,0.5882666,753.2835
0,BasicGPRegression,145,0.5511972904205322,0.5901371,754.1679
0,BasicGPRegression,150,0.5285547375679016,0.60822433,761.9757
0,BasicGPRegression,155,0.5206488370895386,0.6200643,766.9398
0,BasicGPRegression,160,0.5094804763793945,0.62986684,771.0819
0,BasicGPRegression,165,0.5157042145729065,0.6202963,767.11615
0,BasicGPRegression,170,0.5054881572723389,0.6302988,771.2227
0,BasicGPRegression,175,0.48623567819595337,0.6493519,779.10767
0,BasicGPRegression,180,0.48348450660705566,0.65001124,779.40906
0,BasicGPRegression,185,0.47702300548553467,0.6553814,781.56415
0,BasicGPRegression,190,0.4728659987449646,0.65700316,782.2978
0,BasicGPRegression,195,0.4562620520591736,0.6749492,789.36975
1,BasicGPRegression,5,-0.16864228248596191,1.9147197,3.1802359
1,BasicGPRegression,10,-0.25713062286376953,2.1495457,2.639627
1,BasicGPRegression,15,0.504613995552063,0.83781767,2.974846
1,BasicGPRegression,20,0.3947298526763916,1.286607,2.6884222
1,BasicGPRegression,25,0.4368460178375244,1.1767819,2.7473216
1,BasicGPRegression,30,0.43709301948547363,1.1787133,2.7393937
1,BasicGPRegression,35,0.47851818799972534,1.0459384,2.8016465
1,BasicGPRegression,40,0.5450389385223389,0.7550091,2.907508
1,BasicGPRegression,45,0.515592634677887,0.99319935,2.7530413
1,BasicGPRegression,50,0.5551859140396118,0.84286743,2.8002768
1,BasicGPRegression,55,0.5468974113464355,0.95513225,2.6995497
1,BasicGPRegression,60,0.5678355693817139,0.78576857,2.7965324
1,BasicGPRegression,65,0.5216923356056213,1.0688915,2.6037087
1,BasicGPRegression,70,0.5901278853416443,0.7956241,2.7165961
1,BasicGPRegression,75,0.6158978939056396,0.77688205,2.6601882
1,BasicGPRegression,80,0.6310045719146729,0.7525355,2.6307797
1,BasicGPRegression,85,0.6458784341812134,0.7370101,2.5928543
1,BasicGPRegression,90,0.6679825782775879,0.65925765,2.5847278
1,BasicGPRegression,95,0.6502196788787842,0.8266339,2.4596713
1,BasicGPRegression,100,0.6737146377563477,0.77291447,2.4317727
1,BasicGPRegression,105,0.6652545928955078,0.86100864,2.3319407
1,BasicGPRegression,110,0.7278481721878052,0.6286795,2.3709314
1,BasicGPRegression,115,0.7414830923080444,0.64517856,2.2913594
1,BasicGPRegression,120,0.7546916007995605,0.64601827,2.2200987
1,BasicGPRegression,125,0.7842813730239868,0.5621398,2.1722999
1,BasicGPRegression,130,0.8073446750640869,0.5362751,2.0845542
1,BasicGPRegression,135,0.8258582353591919,0.5234821,1.9866495
1,BasicGPRegression,140,0.8578190207481384,0.42577538,1.909338
1,BasicGPRegression,145,0.866195559501648,0.47662073,1.7632003
1,BasicGPRegression,150,0.9026987552642822,0.3665762,1.6362658
1,BasicGPRegression,155,0.9261699318885803,0.32833672,1.459832
1,BasicGPRegression,160,0.9552748203277588,0.24114954,1.2542574
1,BasicGPRegression,165,0.9784157276153564,0.17373921,0.9459195
1,BasicGPRegression,170,0.9916849136352539,0.097426906,0.6101475
1,BasicGPRegression,175,0.9969161152839661,0.06098848,0.30985355
1,BasicGPRegression,180,0.9983688592910767,0.042828295,0.19575644
1,BasicGPRegression,185,0.9974325895309448,0.05401726,0.28565502
1,BasicGPRegression,190,0.997279703617096,0.05579664,0.29601526
1,BasicGPRegression,195,0.9974397420883179,0.054279357,0.28413534
2,BasicGPRegression,5,0.9999986886978149,0.0056748674,0.00016844273
2,BasicGPRegression,10,0.3136178255081177,7.7606487,0.1308614
2,BasicGPRegression,15,0.3491936922073364,8.598434,0.12642449
2,BasicGPRegression,20,0.34591686725616455,8.657711,0.12628733
2,BasicGPRegression,25,0.3265501856803894,8.352763,0.1300715
2,BasicGPRegression,30,0.34159034490585327,8.808812,0.12755218
2,BasicGPRegression,35,0.34730052947998047,8.317983,0.12610295
2,BasicGPRegression,40,0.3538013696670532,8.586573,0.12563096
2,BasicGPRegression,45,0.3537011742591858,7.802147,0.1239115
2,BasicGPRegression,50,0.3741862177848816,8.152158,0.12301935
2,BasicGPRegression,55,0.3575281500816345,8.42366,0.12541215
2,BasicGPRegression,60,0.34461402893066406,8.398666,0.124805555
2,BasicGPRegression,65,0.377515971660614,7.690014,0.121499054
2,BasicGPRegression,70,0.37396639585494995,7.9064417,0.12195715
2,BasicGPRegression,75,0.37456613779067993,8.053546,0.12300729
2,BasicGPRegression,80,0.3710012435913086,7.794566,0.12251788
2,BasicGPRegression,85,0.36889970302581787,8.0299635,0.123165354
2,BasicGPRegression,90,0.39034682512283325,7.9678955,0.12014559
2,BasicGPRegression,95,0.37549418210983276,7.5590296,0.121740445
2,BasicGPRegression,100,0.3954443335533142,7.742278,0.11873476
2,BasicGPRegression,105,0.3699658513069153,8.288999,0.123139426
2,BasicGPRegression,110,0.3872902989387512,7.750968,0.11991659
2,BasicGPRegression,115,0.38479018211364746,7.411329,0.119958445
2,BasicGPRegression,120,0.7296364307403564,6.5991983,0.057184353
2,BasicGPRegression,125,0.3915446996688843,8.141535,0.11975844
2,BasicGPRegression,130,0.3934725522994995,7.8240356,0.119462706
2,BasicGPRegression,135,0.39132165908813477,7.671413,0.11877078
2,BasicGPRegression,140,0.3861406445503235,8.03571,0.11969524
2,BasicGPRegression,145,0.391759991645813,7.9290648,0.11889331
2,BasicGPRegression,150,0.3988720178604126,7.8791494,0.117927775
2,BasicGPRegression,155,0.3976770043373108,8.105087,0.118657865
2,BasicGPRegression,160,0.4297829270362854,7.7590375,0.113511115
2,BasicGPRegression,165,0.40201133489608765,8.211024,0.11751638
2,BasicGPRegression,170,0.3959764838218689,8.107154,0.11734232
2,BasicGPRegression,175,0.4042750597000122,7.909892,0.11765885
2,BasicGPRegression,180,0.4012753963470459,8.210452,0.11801796
2,BasicGPRegression,185,0.42340677976608276,7.6511054,0.11411634
2,BasicGPRegression,190,0.4290398359298706,7.389135,0.11274094
2,BasicGPRegression,195,0.40725111961364746,7.794737,0.11685193
3,BasicGPRegression,5,1.0,1.4305455e-05,0.00041341782
3,BasicGPRegression,10,1.0,2.4814204e-05,0.0004029274
3,BasicGPRegression,15,0.3095998764038086,0.11568621,1.4732687
3,BasicGPRegression,20,0.266334593296051,0.116547436,1.5619113
3,BasicGPRegression,25,0.32631611824035645,0.11388996,1.4215482
3,BasicGPRegression,30,0.42668479681015015,0.10745457,1.2760004
3,BasicGPRegression,35,0.3189426064491272,0.1153395,1.4432805
3,BasicGPRegression,40,0.9999860525131226,0.00077491417,0.0037901402
3,BasicGPRegression,45,0.8258820176124573,0.07397099,0.49561763
3,BasicGPRegression,50,0.39948779344558716,0.1113138,1.3007909
3,BasicGPRegression,55,0.47642117738723755,0.10791683,1.2031937
3,BasicGPRegression,60,0.6225804090499878,0.094344765,0.88613117
3,BasicGPRegression,65,0.8103122711181641,0.07704193,0.51872325
3,BasicGPRegression,70,0.6582328081130981,0.09256,0.8089106
3,BasicGPRegression,75,0.6190772652626038,0.093717575,0.879766
3,BasicGPRegression,80,0.9999999403953552,2.9984954e-05,0.00045394897
3,BasicGPRegression,85,0.8118868470191956,0.07668542,0.52363324
3,BasicGPRegression,90,0.9687105417251587,0.039385602,0.16248631
3,BasicGPRegression,95,0.5520031452178955,0.099361524,1.0287938
3,BasicGPRegression,100,0.9646204113960266,0.041474815,0.17264533
3,BasicGPRegression,105,0.7130894064903259,0.08784626,0.7151294
3,BasicGPRegression,110,0.9976894855499268,0.011331247,0.043616533
3,BasicGPRegression,115,0.6418598890304565,0.09341769,0.83747554
3,BasicGPRegression,120,0.9818582534790039,0.030878589,0.12082887
3,BasicGPRegression,125,0.8595907688140869,0.06993092,0.41229153
3,BasicGPRegression,130,0.8927047252655029,0.06382939,0.33928728
3,BasicGPRegression,135,0.6740629076957703,0.09162235,0.77751327
3,BasicGPRegression,140,0.9419885277748108,0.050848585,0.2287786
3,BasicGPRegression,145,0.9982982277870178,0.009701389,0.03725624
3,BasicGPRegression,150,0.9511935710906982,0.0475031,0.20662189
3,BasicGPRegression,155,0.647508978843689,0.093538545,0.84417224
3,BasicGPRegression,160,0.7625806927680969,0.08198872,0.61435723
3,BasicGPRegression,165,0.9651807546615601,0.041217156,0.17054296
3,BasicGPRegression,170,0.9999518394470215,0.0015086054,0.0067021847
3,BasicGPRegression,175,0.8592947721481323,0.07003434,0.42322302
3,BasicGPRegression,180,0.9999682903289795,0.0012062765,0.005521536
3,BasicGPRegression,185,0.8840263485908508,0.065704994,0.369766
3,BasicGPRegression,190,0.8833892941474915,0.06587582,0.3601153
3,BasicGPRegression,195,0.911221981048584,0.059788667,0.2973225
4,BasicGPRegression,5,0.9168259501457214,76.22399,5.662492
4,BasicGPRegression,10,0.9096350073814392,79.38131,5.924135
4,BasicGPRegression,15,0.9996996521949768,1.6191739,0.26768494
4,BasicGPRegression,20,0.9999959468841553,0.11063474,0.023065567
4,BasicGPRegression,25,0.9898962378501892,19.060131,1.9740696
4,BasicGPRegression,30,0.9947462677955627,13.09611,1.3819971
4,BasicGPRegression,35,0.9933949708938599,14.442787,1.568984
4,BasicGPRegression,40,0.9994151592254639,2.5433555,0.39396286
4,BasicGPRegression,45,0.9995503425598145,2.0300481,0.33956146
4,BasicGPRegression,50,0.9965224862098694,8.913919,1.0985718
4,BasicGPRegression,55,0.9993557333946228,2.807572,0.41761398
4,BasicGPRegression,60,0.9974889159202576,6.7910337,0.91440105
4,BasicGPRegression,65,0.9822261333465576,27.448307,2.6638422
4,BasicGPRegression,70,0.9936052560806274,14.371916,1.5440779
4,BasicGPRegression,75,0.9996440410614014,1.7662773,0.29305458
4,BasicGPRegression,80,0.9994332194328308,2.4792309,0.38812065
4,BasicGPRegression,85,0.9968969225883484,8.18684,1.0282593
4,BasicGPRegression,90,0.9976953268051147,6.3912315,0.8748503
4,BasicGPRegression,95,0.997519314289093,6.7749605,0.90705013
4,BasicGPRegression,100,0.9972501397132874,7.2093987,0.9603777
4,BasicGPRegression,105,0.9999850392341614,0.23607355,0.04722023
4,BasicGPRegression,110,0.9987823367118835,4.836284,0.6028633
4,BasicGPRegression,115,0.9999992251396179,0.032168794,0.010011673
4,BasicGPRegression,120,0.9999985694885254,0.045901604,0.013532639
4,BasicGPRegression,125,0.9999949336051941,0.12393932,0.026021957
4,BasicGPRegression,130,0.9997782707214355,1.4442322,0.22641373
4,BasicGPRegression,135,0.9987788200378418,4.8727407,0.6087055
4,BasicGPRegression,140,0.999983012676239,0.26325986,0.050840378
4,BasicGPRegression,145,0.9979166388511658,5.993011,0.8218708
4,BasicGPRegression,150,0.9996144771575928,1.8595189,0.31046486
4,BasicGPRegression,155,0.9999950528144836,0.12378851,0.025878906
4,BasicGPRegression,160,0.9994707703590393,2.3038437,0.37376404
4,BasicGPRegression,165,0.9999995827674866,0.023895556,0.0074748993
4,BasicGPRegression,170,0.999656081199646,1.7252787,0.2891693
4,BasicGPRegression,175,0.9978715777397156,6.044871,0.82836914
4,BasicGPRegression,180,0.9998143315315247,1.314259,0.20377922
4,BasicGPRegression,185,0.999060869216919,3.9469736,0.51995087
4,BasicGPRegression,190,0.9999854564666748,0.23182015,0.046482086
4,BasicGPRegression,195,0.9998334050178528,1.2514467,0.19048691
