Test Function,Model,Number of Samples,Coefficient of Determination,MAPE
0,BasicGPRegression,5,0.938635528087616,145192680000000.0
0,BasicGPRegression,10,0.9690144062042236,63693786000000.0
0,BasicGPRegression,15,0.9382094740867615,30383375000000.0
0,BasicGPRegression,20,0.9353071451187134,114026130000000.0
0,BasicGPRegression,25,0.8955467343330383,176355800000000.0
0,BasicGPRegression,30,0.8798195123672485,179433130000000.0
0,BasicGPRegression,35,0.8767979145050049,164431970000000.0
0,BasicGPRegression,40,0.8372512459754944,217912400000000.0
0,BasicGPRegression,45,0.825505256652832,72990120000000.0
0,BasicGPRegression,50,0.8105670809745789,245288070000000.0
0,BasicGPRegression,55,0.8018797636032104,247008590000000.0
0,BasicGPRegression,60,0.7777508497238159,230184930000000.0
0,BasicGPRegression,65,0.765325129032135,268763800000000.0
0,BasicGPRegression,70,0.7303580045700073,324210670000000.0
0,BasicGPRegression,75,0.7262814044952393,286264230000000.0
0,BasicGPRegression,80,0.706721305847168,311061300000000.0
0,BasicGPRegression,85,0.6969963312149048,210692930000000.0
0,BasicGPRegression,90,0.6843073964118958,327081360000000.0
0,BasicGPRegression,95,0.672095775604248,307928350000000.0
0,BasicGPRegression,100,0.6544862389564514,373455020000000.0
0,BasicGPRegression,105,0.6464474201202393,331413200000000.0
0,BasicGPRegression,110,0.6262376308441162,76291410000000.0
0,BasicGPRegression,115,0.6190534830093384,403446200000000.0
0,BasicGPRegression,120,0.5987866520881653,418082080000000.0
0,BasicGPRegression,125,0.5886363983154297,366557670000000.0
0,BasicGPRegression,130,0.579672634601593,430293480000000.0
0,BasicGPRegression,135,0.5612213015556335,443631430000000.0
0,BasicGPRegression,140,0.5609997510910034,441403500000000.0
0,BasicGPRegression,145,0.548937201499939,452355180000000.0
0,BasicGPRegression,150,0.5381355881690979,458608400000000.0
0,BasicGPRegression,155,0.5255782604217529,196387230000000.0
0,BasicGPRegression,160,0.5195194482803345,350755300000000.0
0,BasicGPRegression,165,0.5135791301727295,383036830000000.0
0,BasicGPRegression,170,0.504019558429718,49373300000000.0
0,BasicGPRegression,175,0.5041613578796387,481481870000000.0
0,BasicGPRegression,180,0.4914882779121399,400470540000000.0
0,BasicGPRegression,185,0.4776177406311035,448718800000000.0
0,BasicGPRegression,190,0.4709498882293701,493257530000000.0
0,BasicGPRegression,195,0.47085249423980713,496700650000000.0
1,BasicGPRegression,5,-0.004055619239807129,125881140000000.0
1,BasicGPRegression,10,-0.026346921920776367,201059030000000.0
1,BasicGPRegression,15,0.2622925639152527,174736600000000.0
1,BasicGPRegression,20,0.4883483052253723,118499400000000.0
1,BasicGPRegression,25,0.4388359785079956,135408710000000.0
1,BasicGPRegression,30,0.4092997908592224,150045890000000.0
1,BasicGPRegression,35,0.5356292724609375,103117930000000.0
1,BasicGPRegression,40,0.5108450651168823,121167320000000.0
1,BasicGPRegression,45,0.5046248435974121,128854010000000.0
1,BasicGPRegression,50,0.5449265837669373,111876540000000.0
1,BasicGPRegression,55,0.543991208076477,116454305000000.0
1,BasicGPRegression,60,0.5240763425827026,128988570000000.0
1,BasicGPRegression,65,0.5678154230117798,114944140000000.0
1,BasicGPRegression,70,0.5781114101409912,112947580000000.0
1,BasicGPRegression,75,0.6134852170944214,103364880000000.0
1,BasicGPRegression,80,0.6294671297073364,99366330000000.0
1,BasicGPRegression,85,0.6529531478881836,85429315000000.0
1,BasicGPRegression,90,0.6546805500984192,98492410000000.0
1,BasicGPRegression,95,0.6522207260131836,106906990000000.0
1,BasicGPRegression,100,0.6897077560424805,93965340000000.0
1,BasicGPRegression,105,0.7133517265319824,75774680000000.0
1,BasicGPRegression,110,0.7343204021453857,81921020000000.0
1,BasicGPRegression,115,0.7478786706924438,81408940000000.0
1,BasicGPRegression,120,0.7477448582649231,94075395000000.0
1,BasicGPRegression,125,0.7898472547531128,75488290000000.0
1,BasicGPRegression,130,0.81595778465271,69501720000000.0
1,BasicGPRegression,135,0.8040940761566162,90031770000000.0
1,BasicGPRegression,140,0.8594449758529663,64962412000000.0
1,BasicGPRegression,145,0.8775122761726379,66714243000000.0
1,BasicGPRegression,150,0.8988653421401978,63865044000000.0
1,BasicGPRegression,155,0.9302626848220825,52292435000000.0
1,BasicGPRegression,160,0.9547638893127441,44136600000000.0
1,BasicGPRegression,165,0.9791825413703918,28007610000000.0
1,BasicGPRegression,170,0.992421567440033,4408852000000.0
1,BasicGPRegression,175,0.9965585470199585,4928461300000.0
1,BasicGPRegression,180,0.9970257878303528,4477707000000.0
1,BasicGPRegression,185,0.9963669180870056,4812960000000.0
1,BasicGPRegression,190,0.9980977773666382,3131983000000.0
1,BasicGPRegression,195,0.9976550936698914,3729355700000.0
2,BasicGPRegression,5,0.9999995827674866,6096260600.0
2,BasicGPRegression,10,0.3919298052787781,717551040000.0
2,BasicGPRegression,15,0.31470614671707153,1099736500000.0
2,BasicGPRegression,20,0.37568676471710205,787727400000.0
2,BasicGPRegression,25,0.3345722556114197,1038107900000.0
2,BasicGPRegression,30,0.32338064908981323,1071048400000.0
2,BasicGPRegression,35,0.3721265196800232,868590750000.0
2,BasicGPRegression,40,0.3381078243255615,986322000000.0
2,BasicGPRegression,45,0.35698413848876953,901736300000.0
2,BasicGPRegression,50,0.38696783781051636,677894360000.0
2,BasicGPRegression,55,0.364157497882843,857932230000.0
2,BasicGPRegression,60,0.35605019330978394,892279300000.0
2,BasicGPRegression,65,0.3544310927391052,909597400000.0
2,BasicGPRegression,70,0.3690173029899597,826584800000.0
2,BasicGPRegression,75,0.3582634925842285,857273900000.0
2,BasicGPRegression,80,0.44832777976989746,423031080000.0
2,BasicGPRegression,85,0.3706071376800537,833488550000.0
2,BasicGPRegression,90,0.37686312198638916,776604160000.0
2,BasicGPRegression,95,0.3762959837913513,772781800000.0
2,BasicGPRegression,100,0.3819042444229126,772039800000.0
2,BasicGPRegression,105,0.3675399422645569,792264400000.0
2,BasicGPRegression,110,0.3795570731163025,757079600000.0
2,BasicGPRegression,115,0.38794195652008057,705561900000.0
2,BasicGPRegression,120,0.3766239881515503,724528300000.0
2,BasicGPRegression,125,0.3991273045539856,646466600000.0
2,BasicGPRegression,130,0.39101642370224,702437600000.0
2,BasicGPRegression,135,0.3869771957397461,684407000000.0
2,BasicGPRegression,140,0.629407525062561,193882720000.0
2,BasicGPRegression,145,0.38911718130111694,684003500000.0
2,BasicGPRegression,150,0.3967157006263733,627976400000.0
2,BasicGPRegression,155,0.40964555740356445,602335500000.0
2,BasicGPRegression,160,0.3964560031890869,636491500000.0
2,BasicGPRegression,165,0.39815813302993774,613465000000.0
2,BasicGPRegression,170,0.3993048071861267,614270800000.0
2,BasicGPRegression,175,0.4021056294441223,589907760000.0
2,BasicGPRegression,180,0.4022170901298523,584083240000.0
2,BasicGPRegression,185,0.39463376998901367,600940150000.0
2,BasicGPRegression,190,0.4045676589012146,565175300000.0
2,BasicGPRegression,195,0.39887213706970215,582600600000.0
3,BasicGPRegression,5,0.29560548067092896,86246650000000.0
3,BasicGPRegression,10,0.27643316984176636,85714860000000.0
3,BasicGPRegression,15,0.33774298429489136,84939720000000.0
3,BasicGPRegression,20,0.3008526563644409,87117550000000.0
3,BasicGPRegression,25,0.3042762279510498,87344760000000.0
3,BasicGPRegression,30,0.31465810537338257,87117000000000.0
3,BasicGPRegression,35,0.3769928812980652,85516760000000.0
3,BasicGPRegression,40,0.3121469020843506,87416065000000.0
3,BasicGPRegression,45,0.30668503046035767,87278735000000.0
3,BasicGPRegression,50,0.4002963900566101,85360720000000.0
3,BasicGPRegression,55,0.4756491184234619,83712850000000.0
3,BasicGPRegression,60,0.45315009355545044,84013050000000.0
3,BasicGPRegression,65,0.44659340381622314,84403100000000.0
3,BasicGPRegression,70,0.705450713634491,71827615000000.0
3,BasicGPRegression,75,0.659148097038269,74102670000000.0
3,BasicGPRegression,80,0.5139929056167603,81648270000000.0
3,BasicGPRegression,85,0.49804627895355225,82403870000000.0
3,BasicGPRegression,90,0.644660234451294,74460310000000.0
3,BasicGPRegression,95,0.49904006719589233,82299470000000.0
3,BasicGPRegression,100,0.6847134828567505,72616556000000.0
3,BasicGPRegression,105,0.6018458008766174,69352083000000.0
3,BasicGPRegression,110,0.6370718479156494,74726380000000.0
3,BasicGPRegression,115,0.5290412306785583,80697990000000.0
3,BasicGPRegression,120,0.5642024278640747,75459320000000.0
3,BasicGPRegression,125,0.6293526887893677,74870580000000.0
3,BasicGPRegression,130,0.6526930332183838,74611380000000.0
3,BasicGPRegression,135,0.554990291595459,77832190000000.0
3,BasicGPRegression,140,0.6704627275466919,73771935000000.0
3,BasicGPRegression,145,0.6409475803375244,74926830000000.0
3,BasicGPRegression,150,0.642376184463501,75044040000000.0
3,BasicGPRegression,155,0.5892353057861328,68380208000000.0
3,BasicGPRegression,160,0.677911102771759,73442515000000.0
3,BasicGPRegression,165,0.6443461775779724,74635340000000.0
3,BasicGPRegression,170,0.8388698101043701,60800203000000.0
3,BasicGPRegression,175,0.6616818904876709,74328390000000.0
3,BasicGPRegression,180,0.7584829330444336,67097154000000.0
3,BasicGPRegression,185,0.6437621116638184,74502270000000.0
3,BasicGPRegression,190,0.5290497541427612,80768630000000.0
3,BasicGPRegression,195,0.5766987800598145,72424870000000.0
4,BasicGPRegression,5,0.9981640577316284,28.806713
4,BasicGPRegression,10,0.9314311742782593,496.53796
4,BasicGPRegression,15,0.99736487865448,31.739931
4,BasicGPRegression,20,0.9814931750297546,152.76288
4,BasicGPRegression,25,0.9657412767410278,226.65413
4,BasicGPRegression,30,0.9985812306404114,27.777168
4,BasicGPRegression,35,0.9719220399856567,224.48062
4,BasicGPRegression,40,0.9814199805259705,156.56136
4,BasicGPRegression,45,0.9968152642250061,40.273567
4,BasicGPRegression,50,0.9933621287345886,71.703064
4,BasicGPRegression,55,0.9982483386993408,29.247204
4,BasicGPRegression,60,0.9843601584434509,131.41486
4,BasicGPRegression,65,0.9964802861213684,46.803158
4,BasicGPRegression,70,0.9921252727508545,78.43286
4,BasicGPRegression,75,0.9951654672622681,64.41685
4,BasicGPRegression,80,0.9952107667922974,64.01845
4,BasicGPRegression,85,0.9999408721923828,2.0306983
4,BasicGPRegression,90,0.9999455213546753,1.7919254
4,BasicGPRegression,95,0.9998159408569336,4.312082
4,BasicGPRegression,100,0.9995373487472534,10.535752
4,BasicGPRegression,105,0.9966667294502258,44.002346
4,BasicGPRegression,110,0.9982652068138123,29.393915
4,BasicGPRegression,115,0.999973475933075,1.0978317
4,BasicGPRegression,120,0.9970492720603943,36.325314
4,BasicGPRegression,125,0.9979845285415649,28.918541
4,BasicGPRegression,130,0.9983816742897034,29.429419
4,BasicGPRegression,135,0.999921977519989,2.6859317
4,BasicGPRegression,140,0.999988853931427,0.68773127
4,BasicGPRegression,145,0.999358594417572,9.383623
4,BasicGPRegression,150,0.9999809861183167,0.9822524
4,BasicGPRegression,155,0.9970801472663879,36.613636
4,BasicGPRegression,160,0.9998695850372314,3.1914954
4,BasicGPRegression,165,0.9995781183242798,10.566047
4,BasicGPRegression,170,0.9999999403953552,0.061955787
4,BasicGPRegression,175,0.999354362487793,9.51845
4,BasicGPRegression,180,0.997762143611908,27.486063
4,BasicGPRegression,185,0.9999996423721313,0.11750182
4,BasicGPRegression,190,0.9998593330383301,3.2842267
4,BasicGPRegression,195,0.9999995231628418,0.12780178
