Test Function,Model,Number of Samples,Coefficient of Determination,MAPE,Max Residual Error,RMSE
0,BasicGPRegression,5,0.9876825213432312,0.06318463,279.1571,43.942158
0,BasicGPRegression,10,0.9743734002113342,0.09358361,347.65753,63.381958
0,BasicGPRegression,15,0.9539696574211121,0.1269061,421.87393,84.94582
0,BasicGPRegression,20,0.9211345911026001,0.19402604,497.81955,111.189384
0,BasicGPRegression,25,0.9116334319114685,0.19796407,507.00815,117.69664
0,BasicGPRegression,30,0.8859983682632446,0.23914658,543.9608,133.68282
0,BasicGPRegression,35,0.8759157657623291,0.2441426,551.3002,139.46921
0,BasicGPRegression,40,0.8612831830978394,0.25970942,565.27954,147.4635
0,BasicGPRegression,45,0.839560866355896,0.2882714,587.3724,158.58978
0,BasicGPRegression,50,0.8139340877532959,0.32515097,612.0817,170.78647
0,BasicGPRegression,55,0.7917788028717041,0.35313562,630.1234,180.66853
0,BasicGPRegression,60,0.7759408950805664,0.3699854,640.9826,187.41368
0,BasicGPRegression,65,0.7615892887115479,0.38412175,649.943,193.32271
0,BasicGPRegression,70,0.7383416891098022,0.412353,665.9015,202.52902
0,BasicGPRegression,75,0.7371765375137329,0.40598467,663.4696,202.97945
0,BasicGPRegression,80,0.7040365934371948,0.4483907,685.801,215.39668
0,BasicGPRegression,85,0.6967617869377136,0.45294923,688.56586,218.02785
0,BasicGPRegression,90,0.6834590435028076,0.46541035,695.2239,222.75887
0,BasicGPRegression,95,0.6665599346160889,0.48332673,704.2466,228.62773
0,BasicGPRegression,100,0.6547375917434692,0.4942689,709.7534,232.64551
0,BasicGPRegression,105,0.6364699602127075,0.5142099,719.2548,238.72075
0,BasicGPRegression,110,0.6215392351150513,0.52856916,726.1361,243.57375
0,BasicGPRegression,115,0.6166319847106934,0.53140867,727.5266,245.14778
0,BasicGPRegression,120,0.5928550362586975,0.5525118,737.584,252.6356
0,BasicGPRegression,125,0.588220477104187,0.55763507,739.79297,254.06941
0,BasicGPRegression,130,0.5547093152999878,0.59248716,755.11536,264.2055
0,BasicGPRegression,135,0.5645344257354736,0.57470113,747.52826,261.27444
0,BasicGPRegression,140,0.543745756149292,0.6011358,758.86017,267.43823
0,BasicGPRegression,145,0.5483713150024414,0.5918581,755.1173,266.0791
0,BasicGPRegression,150,0.5411319732666016,0.5980312,757.7355,268.2032
0,BasicGPRegression,155,0.5296338796615601,0.61002463,762.71454,271.54266
0,BasicGPRegression,160,0.523697018623352,0.60916036,762.4552,273.25092
0,BasicGPRegression,165,0.5071786642074585,0.6273048,770.14545,277.9488
0,BasicGPRegression,170,0.5041748881340027,0.6276976,770.2638,278.79456
0,BasicGPRegression,175,0.49290674924850464,0.6420468,776.12256,281.9447
0,BasicGPRegression,180,0.4848307967185974,0.64822096,778.7189,284.18094
0,BasicGPRegression,185,0.483167827129364,0.64796317,778.5917,284.63925
0,BasicGPRegression,190,0.4681006669998169,0.66129345,784.0916,288.75848
0,BasicGPRegression,195,0.45934319496154785,0.67039126,787.6666,291.1259
1,BasicGPRegression,5,-0.39273500442504883,2.2256482,2.9461644,1.331918
1,BasicGPRegression,10,0.29180997610092163,1.4837744,2.6076376,0.94976926
1,BasicGPRegression,15,0.4055420160293579,1.2542334,2.7190623,0.8701694
1,BasicGPRegression,20,0.48528772592544556,1.0097598,2.8471065,0.8097025
1,BasicGPRegression,25,0.47193998098373413,1.081744,2.7858477,0.8201341
1,BasicGPRegression,30,0.5055819153785706,0.89535505,2.8959455,0.79357946
1,BasicGPRegression,35,0.49259042739868164,1.0133468,2.8027475,0.803938
1,BasicGPRegression,40,0.500436544418335,1.0405552,2.742585,0.7976981
1,BasicGPRegression,45,0.5586497187614441,0.7339332,2.8862653,0.74978185
1,BasicGPRegression,50,0.5335088968276978,0.93472576,2.763295,0.7708412
1,BasicGPRegression,55,0.5526391267776489,0.93283486,2.7095923,0.7548701
1,BasicGPRegression,60,0.5485356450080872,0.96591693,2.671874,0.75832427
1,BasicGPRegression,65,0.5955066680908203,0.8010205,2.7142193,0.7177925
1,BasicGPRegression,70,0.5941867828369141,0.854938,2.6531157,0.7189626
1,BasicGPRegression,75,0.6030098795890808,0.8609184,2.6116838,0.7111039
1,BasicGPRegression,80,0.6157785654067993,0.8306084,2.5955548,0.6995746
1,BasicGPRegression,85,0.6401058435440063,0.77860785,2.569079,0.67706543
1,BasicGPRegression,90,0.5964228510856628,0.9552137,2.4811172,0.71697915
1,BasicGPRegression,95,0.6475391387939453,0.8441768,2.4460564,0.6700368
1,BasicGPRegression,100,0.6728982329368591,0.7884817,2.4161868,0.64548284
1,BasicGPRegression,105,0.6584598422050476,0.88677967,2.3173447,0.6595749
1,BasicGPRegression,110,0.6964365243911743,0.7861959,2.3038273,0.6218247
1,BasicGPRegression,115,0.7187340259552002,0.7452303,2.255583,0.5985519
1,BasicGPRegression,120,0.7673985958099365,0.59222156,2.2316382,0.54431385
1,BasicGPRegression,125,0.790088415145874,0.5483221,2.1667852,0.5170844
1,BasicGPRegression,130,0.8082691431045532,0.53429884,2.0799484,0.49418458
1,BasicGPRegression,135,0.8275952339172363,0.52322674,1.9780374,0.46861684
1,BasicGPRegression,140,0.8552432060241699,0.45486706,1.8881016,0.42940062
1,BasicGPRegression,145,0.8745225667953491,0.43707627,1.7632432,0.3997846
1,BasicGPRegression,150,0.9075823426246643,0.33653918,1.6388006,0.3431
1,BasicGPRegression,155,0.9276559948921204,0.326665,1.4462814,0.30355993
1,BasicGPRegression,160,0.9565187692642212,0.23955382,1.2374337,0.23533908
1,BasicGPRegression,165,0.9808291792869568,0.15107329,0.9428439,0.15626566
1,BasicGPRegression,170,0.9922611713409424,0.0961852,0.58125067,0.099284545
1,BasicGPRegression,175,0.9977742433547974,0.04965572,0.257133,0.053245388
1,BasicGPRegression,180,0.9976853132247925,0.050656177,0.2654028,0.05429846
1,BasicGPRegression,185,0.9973931908607483,0.054724332,0.28772593,0.05762352
1,BasicGPRegression,190,0.9978658556938171,0.048598763,0.24739647,0.052137908
1,BasicGPRegression,195,0.9985321760177612,0.04073937,0.1834917,0.043239024
2,BasicGPRegression,5,0.9999998807907104,0.0016727342,4.9710274e-05,3.3382425e-06
2,BasicGPRegression,10,0.29870641231536865,7.460009,0.13467202,0.0081825415
2,BasicGPRegression,15,0.3230844736099243,8.333309,0.12977763,0.008039065
2,BasicGPRegression,20,0.31851547956466675,7.710387,0.13005207,0.008066149
2,BasicGPRegression,25,0.341373085975647,8.52608,0.12703227,0.007929723
2,BasicGPRegression,30,0.32056283950805664,7.913733,0.13093424,0.008054025
2,BasicGPRegression,35,0.34133028984069824,7.7785654,0.12613636,0.007929981
2,BasicGPRegression,40,0.3626328706741333,8.179233,0.12379369,0.0078006913
2,BasicGPRegression,45,0.33449745178222656,8.23894,0.12851113,0.0079710055
2,BasicGPRegression,50,0.3360508680343628,8.666977,0.12708443,0.007961698
2,BasicGPRegression,55,0.35706180334091187,8.208043,0.12451733,0.007834709
2,BasicGPRegression,60,0.34766584634780884,8.46078,0.12614101,0.00789175
2,BasicGPRegression,65,0.3549627661705017,8.168161,0.12452523,0.007847488
2,BasicGPRegression,70,0.3745211958885193,8.077804,0.12180278,0.007727599
2,BasicGPRegression,75,0.358096718788147,8.246823,0.124753326,0.007828401
2,BasicGPRegression,80,0.3611410856246948,8.223996,0.12417359,0.0078098155
2,BasicGPRegression,85,0.37311798334121704,8.116498,0.12232005,0.007736262
2,BasicGPRegression,90,0.3904949426651001,7.530084,0.11943689,0.007628286
2,BasicGPRegression,95,0.37821948528289795,8.101605,0.12175667,0.0077047194
2,BasicGPRegression,100,0.3766259551048279,7.990209,0.120833874,0.007714586
2,BasicGPRegression,105,0.378791868686676,8.212581,0.12193909,0.007701172
2,BasicGPRegression,110,0.41983288526535034,7.246781,0.114639565,0.007442431
2,BasicGPRegression,115,0.38009577989578247,7.9361153,0.12133962,0.007693086
2,BasicGPRegression,120,0.37947767972946167,7.706218,0.12101272,0.0076969196
2,BasicGPRegression,125,0.38829678297042847,7.776171,0.11995954,0.0076420284
2,BasicGPRegression,130,0.3829547166824341,7.7157173,0.120326705,0.0076753255
2,BasicGPRegression,135,0.4064551591873169,8.1167965,0.11675623,0.007527747
2,BasicGPRegression,140,0.40062808990478516,7.966842,0.118716426,0.0075646085
2,BasicGPRegression,145,0.39416301250457764,8.07636,0.119337566,0.0076052966
2,BasicGPRegression,150,0.3993784189224243,7.807809,0.11786105,0.0075724903
2,BasicGPRegression,155,0.39556175470352173,7.9807067,0.11871949,0.0075965123
2,BasicGPRegression,160,0.3980092406272888,7.727074,0.119115494,0.0075811166
2,BasicGPRegression,165,0.4030302166938782,7.7716484,0.11724636,0.007549435
2,BasicGPRegression,170,0.39880770444869995,8.086496,0.118425936,0.007576087
2,BasicGPRegression,175,0.3975903391838074,8.066277,0.118489675,0.007583754
2,BasicGPRegression,180,0.4007109999656677,7.9401226,0.118090294,0.0075640855
2,BasicGPRegression,185,0.4442905783653259,7.1441016,0.11276841,0.0072838697
2,BasicGPRegression,190,0.8272132277488708,6.071353,0.040436864,0.004061566
2,BasicGPRegression,195,0.4231691360473633,7.8032713,0.11432366,0.007421002
3,BasicGPRegression,5,1.0,2.2498733e-05,0.00039100647,5.6382793e-05
3,BasicGPRegression,10,0.44255876541137695,0.10939024,1.2649981,0.2850097
3,BasicGPRegression,15,0.38849568367004395,0.11172728,1.3191179,0.2985107
3,BasicGPRegression,20,1.0,1.5854659e-05,0.00040483475,5.650424e-05
3,BasicGPRegression,25,0.4436054229736328,0.10934993,1.2262204,0.28474203
3,BasicGPRegression,30,0.3402456045150757,0.11304982,1.4100683,0.31006393
3,BasicGPRegression,35,0.5743110775947571,0.09268943,0.96274054,0.24906133
3,BasicGPRegression,40,0.460757851600647,0.10835524,1.2252805,0.28031868
3,BasicGPRegression,45,0.41831350326538086,0.107903734,1.2722659,0.29114184
3,BasicGPRegression,50,0.43445444107055664,0.1083766,1.2699437,0.28707403
3,BasicGPRegression,55,0.4421939253807068,0.10942313,1.2747886,0.28510296
3,BasicGPRegression,60,0.814531683921814,0.07621769,0.50749516,0.16439742
3,BasicGPRegression,65,0.5262618064880371,0.10339958,1.0909168,0.2627419
3,BasicGPRegression,70,0.7861064672470093,0.07997464,0.55812144,0.17654642
3,BasicGPRegression,75,0.9828053116798401,0.030126581,0.11839223,0.05005616
3,BasicGPRegression,80,0.452083945274353,0.108738065,1.2315652,0.2825642
3,BasicGPRegression,85,0.8823809623718262,0.06596508,0.36120462,0.13091786
3,BasicGPRegression,90,0.6889719367027283,0.08996674,0.76572156,0.21289226
3,BasicGPRegression,95,0.8070232272148132,0.077456094,0.5329168,0.16769212
3,BasicGPRegression,100,0.9964647889137268,0.014029104,0.053521633,0.022696935
3,BasicGPRegression,105,0.7214625477790833,0.086738475,0.6940205,0.20146608
3,BasicGPRegression,110,0.8868662714958191,0.065227464,0.3559897,0.12839739
3,BasicGPRegression,115,0.712432861328125,0.087737694,0.71163106,0.20470561
3,BasicGPRegression,120,0.9999970197677612,0.0003332902,0.0018618107,0.000661674
3,BasicGPRegression,125,0.6209961175918579,0.09370684,0.88266635,0.23500763
3,BasicGPRegression,130,0.9996983408927917,0.0039725397,0.016115904,0.0066302973
3,BasicGPRegression,135,0.7994175553321838,0.078552745,0.53779864,0.17096476
3,BasicGPRegression,140,0.8161559700965881,0.07585697,0.50223637,0.16367596
3,BasicGPRegression,145,0.9967836737632751,0.013379539,0.051116228,0.021649152
3,BasicGPRegression,150,0.9999495148658752,0.0015469927,0.0068802834,0.0027126137
3,BasicGPRegression,155,0.9999998807907104,4.5898996e-05,0.0005092621,0.000120175646
3,BasicGPRegression,160,0.7890400290489197,0.07972079,0.55975366,0.17533158
3,BasicGPRegression,165,0.7913579940795898,0.07948988,0.5557544,0.17436568
3,BasicGPRegression,170,0.9995774030685425,0.004735143,0.019074678,0.007847431
3,BasicGPRegression,175,0.7786193490028381,0.08087812,0.5763266,0.17960978
3,BasicGPRegression,180,0.9992433190345764,0.0064025484,0.02513051,0.010500461
3,BasicGPRegression,185,1.0,1.3798305e-05,0.0003771782,4.5747187e-05
3,BasicGPRegression,190,0.998345673084259,0.009562861,0.036878586,0.015526447
3,BasicGPRegression,195,0.9996568560600281,0.004249126,0.017143488,0.00707149
4,BasicGPRegression,5,0.9279416799545288,68.14036,5.3097773,0.40957087
4,BasicGPRegression,10,0.9985300302505493,5.2748194,0.67634964,0.058497753
4,BasicGPRegression,15,0.9744588136672974,37.48471,3.2015676,0.2438413
4,BasicGPRegression,20,0.9488492012023926,54.18408,4.5175877,0.34507483
4,BasicGPRegression,25,0.9918084144592285,16.395218,1.7666006,0.13809276
4,BasicGPRegression,30,0.9841837882995605,23.738756,2.5050917,0.19188368
4,BasicGPRegression,35,0.9979201555252075,6.009754,0.8218756,0.0695832
4,BasicGPRegression,40,0.9904525279998779,18.22558,1.916667,0.14908415
4,BasicGPRegression,45,0.9930689334869385,14.795208,1.6125412,0.12702426
4,BasicGPRegression,50,0.9989278316497803,4.4358187,0.5612259,0.04995886
4,BasicGPRegression,55,0.9935553669929504,14.429763,1.5479689,0.122485794
4,BasicGPRegression,60,0.9820430874824524,27.171991,2.693551,0.20445745
4,BasicGPRegression,65,0.9988754987716675,4.6001287,0.5773411,0.051164318
4,BasicGPRegression,70,0.9998095631599426,1.3367252,0.20679283,0.021053726
4,BasicGPRegression,75,0.9953902363777161,11.664934,1.2878399,0.10359233
4,BasicGPRegression,80,0.9999843239784241,0.24756509,0.048423767,0.006035387
4,BasicGPRegression,85,1.0,0.004568853,0.0018959045,0.00013527255
4,BasicGPRegression,90,0.9994534850120544,2.3811314,0.37780762,0.03566939
4,BasicGPRegression,95,0.9983339309692383,5.44947,0.72394943,0.062278382
4,BasicGPRegression,100,0.9996804594993591,1.6490458,0.2779293,0.027272813
4,BasicGPRegression,105,0.9992396831512451,3.2205215,0.4615898,0.04207169
4,BasicGPRegression,110,0.9986152052879333,5.2029095,0.6524353,0.056777697
4,BasicGPRegression,115,0.999884843826294,0.9724986,0.15393066,0.01637139
4,BasicGPRegression,120,0.9965593218803406,8.830983,1.0888662,0.08949708
4,BasicGPRegression,125,0.9996165633201599,1.8543892,0.3089218,0.029877832
4,BasicGPRegression,130,0.999274730682373,3.1002433,0.44568253,0.041090447
4,BasicGPRegression,135,0.9999790787696838,0.3050627,0.057538986,0.0069802715
4,BasicGPRegression,140,0.9983943700790405,5.459562,0.71042824,0.06113822
4,BasicGPRegression,145,0.9972638487815857,7.239354,0.96119404,0.0798099
4,BasicGPRegression,150,0.9984362125396729,5.4126644,0.69882965,0.06033544
4,BasicGPRegression,155,0.9999586343765259,0.43856826,0.08462334,0.009812203
4,BasicGPRegression,160,0.9999640583992004,0.4141393,0.078121185,0.00914925
4,BasicGPRegression,165,0.9996926188468933,1.6160481,0.27103806,0.026749268
4,BasicGPRegression,170,0.9999223351478577,0.64681745,0.12228966,0.0134481825
4,BasicGPRegression,175,0.9993203282356262,2.9432437,0.43093872,0.03977722
4,BasicGPRegression,180,0.9999638199806213,0.4158641,0.0778923,0.009180505
4,BasicGPRegression,185,0.99997478723526,0.35060778,0.063669205,0.0076573226
4,BasicGPRegression,190,0.9990414977073669,4.043415,0.5264549,0.047237854
4,BasicGPRegression,195,0.9992113709449768,3.3117619,0.46829414,0.042846844
